$ANSIBLE_VAULT;1.1;AES256
30333936376462333063356534366166613464616337313931366334353065653436653532323861
3964613531336334333038323563356438383833613635620a363464363738323236623633396331
32653930356165346638396230366166643765616565633966303236313238316466656536336163
3937386562663532620a306265333264306262656531353030333438616164623434353536656232
63356532666132356430633931343337363461353764316638316566613434666533306261613933
36346161333434313065376237366538363531653639646634356431363435393031393461346436
64333836666265353034326566633962303837346465383230323933343731396337353561633537
36363366386537366630393766306364363661623764643433396265393963333430396365306435
65363937653231643736613939646662386635383031643762303865323736373034616462336664
38323262333336383936663436353936363435383839393237326636326464646262623533613533
37646165316336636261616565393533333162336232663332366631336563373137343364346362
38343838346230623735306434373062633638623633356161373736666566636332303838656136
31616333303665363534333631653263363138626130666134323665643831313262333237643536
61346230353738316236303035343730666238376634653661326633643933323866313534386234
32366561653763623562663035396164663935306461636364366533396461623065643532643736
62613061336261333932356535323837343261636235666665386636653733363932623466346631
39623630666135386165363962666535376534356234613962323238393766336662323865326630
32313066323962633866326639656333323966616534303537323332646533653966663461303839
30313563616632623361636534636633323766646135383862646335653163326637336164613937
30633133313536376636313037663265613835346664643234623662333035393232326336313137
32376636323561666433393466333663326239356430326337306166303265663232326631306331
34346135373238623163353737383636323165373030613663353336373635613239313730333138
32326334316633623862636234323164346330626334363930633362306263336530363931636363
65633330643237616538313931373561306562376139613065323736396164376562366465383931
63363462386130656439343338383962643233366534356562353734373134376666623139643864
39636565616534633134383135653034316364613932626364323632376265656434613839363861
38646135373966616566396164303863313438346232396362303338383533613137343037363239
61643335623736663139383932386466383635306666333232663766393035633233633836306530
32386264396637643161346531356263626165323530303161656336303438636535313464616131
61643636356462623631393666663536376130363830636363346265316664633334336533343032
30306239626666343966303463343063643561323064323138333331393764623639346166646531
63613133326331326265383435366530386131336235333632343062356333636566393365663761
33643438306133626264386538343239316664626431376133396531313236346435326238646438
34363437313631393238323364373164663966623538393838376434666261343066653734636266
34326164326666383662623834333634346438383663363637356639356432663539666166343634
38633731633737303165306133396335643034653366613032643231353662616536353630323863
33323433376461623133613764383533623833653630336262393235373838393262613236636565
35653235306165323739383531626235386666373064323932393135316631656162373166313232
61633338363061643530613866333339386361373362316463613761613965333262363630386131
30373664623463323535313861656165653764363135343935323137613539326431353430396139
62303935343838396561613931653866333664326330393661663036636536343063643831306137
66353362396636333031386534663365323961386633316637343730623530336636373133663830
65323737363464366339373339623437386231326333373536633663353165633330643835323765
62653838626133343335326466633737656438633236393463336630306330306332656539346430
62386638336564363762643632393836646336386531386132343936653537356132623933353066
39666461643063343931613038666665613662633234303231653362303962303766343336363966
64323839353135653932393530333165356161646361633030353331333161616631613137376364
36653136313666623934373130633664313536623336316266353639656637316533363732326534
31633866396634653739396538326538396130633632643066363831326234326631666539343333
30653439383434306362356134343239323266316135663835346164336663663037313138663066
65376637303037663633383438663438663534373666356439626561616431626364626438383564
37336163303964646364323763623031666363633165613363666333353530656562313364623061
33623534366531623861633435626434343836613935343833636338663831323863623335316463
35346665643763363531353062636533613934383131336462663237663462303565326437633131
63383535643666353233653638336233393435323361646561343236393333393966376339353333
37313062633564353637373138363931363439386439626566343738653763303039313966643432
34616332343230383237653730336134333664613130626132313466303839323534336464343533
39356166363633333163633236313937623738383731393463663336363437616239666364633739
30343639633634333861633739656636363334633439613630303439613138336530313330303035
33376539653938636631353232623136363135616363333861346565336263653264356665643561
38343465303461383964636463663264623234646636616233376337616562346137363133363166
32303062646135316631306164623037376463633934356264633935303233636332333937346635
39656263656237366362643736376165313034643063643837393735633430333965313735313235
38363265336538383164313139383836656439646261373437616437643866393437303966656333
31623866346334353339383930646436313838636265323236336561313835386235623937396266
61623137646132643261613139383537386631323663613664386130303633363234653038643036
62616631613362373965353766386536663335323830313030636465383562313630626337366437
65373030636334353764376165396334623333323536663463616230336335306635656534356664
34636661303031333431636264303439306130656438323033363661363662653264376630333538
35613063336131366239653239393964653635646531343231303038656330396336323339383762
35343030646236616663326338323933323638626265346661623530636563636563363762393664
36316538323031346665306638636332323864393537353762326664636639303863633335653032
34323165373934303030306635646132363039303231623034663733336362396234613738623664
33353937363335613331376330626133623632323832343462643261636533373666376466383437
36336561636531363633303938383964386535353534353938366633363364303435356139373362
62333933326563326261626238353433613633323763396264613430323261366663333434306664
32346233393333656461623030343964313932666466396637323632383034626635303735623338
31373730326231393261636634343038646534626234666562326633666634303361633633373966
61636563633561343435363036313931393036303034666565613166396530376331656438326135
37616134633435396562643864613936373931313165383130323863366137313035386532373262
31323663613962343834666530633662663537396262646239326662383261363435346663643261
64326565353236346530623638613333313636383337613236373132653562333365383936363130
65653835616330613537646561343063623662333463396666346263353137313631313730333033
64353636336631366466363462383364323463313665323664376337343163396266363238323338
39646139343239363436376530393234353761396337653932636332363836316430626632666138
65366335373038636265653163653461363763333237643937363162373836353766343735306162
61333730633566316664633037646333636435633039323737616463356262636663643832656465
34353434643839333939303439653232663464373832643466376164336266633266373632663932
35633132626334663336643338343834316637373139653132306133316133336662373432646233
32363862353834646666346466333739343230323635386532323163373662373366636164346635
62333435383263626463613131343634656138376131343065313861623766666266353337333231
37323930373034623430323336616662333438643266353530326335623632656261393261613962
31613837656665373163616262623665386638376561666531326532326435656430353463386461
39363430333463643039613935646134383238376463326134656638643339643330656263313836
653939626364656234306362376662396631
